11-11-11 1111111111 mmmm 1111

11111111 1111111 111111. 11111111. 111111,

11. 1111111111 11111111 111 hyn mumma 1111 1111111111, 111
1111111 111111 11111 111111 111111111111111. 1111 11 11
1111111111, 11111 amm 111 11 11111111 1111111
1111 11111111 1111111111 mm 11 1111111111, 111111117 ἴ
1111111111, &nummu 111 111111111111111111 1
1111111111 11111 1111112ἇρ111111 111111 11111 111111

111. 11111 11111Ι 1111111111 mvi. 11, 111111 11 11111 111111
111111 11111 11111. flamm: 111111 1111111111-

11111111, 1111
1111 11111111, 11111111, 111111 1111 111111 11111 11111111
111111111111
1111111111 11111111. 111. 1111111111 1111 11111 1111111 11
11 1111111111 11 11111111,
11. 1111111111 penum: 1111 1111 111111 1111111111 1111111
m. 11111 1111111111 111 111 111 1111 11111111 111111111111
111111 1111111111
1111111111111111 111111 111 1111 1111111111 1111· 11
1111111111, 111
M. 11111 1111111. 11111111,11111·,111111 1111111111111111
11111 11111111, 111. 1, xm: 111 11111111 1111111111 11
111. 1111111 1111111111
M. 111111 11111 11111111, 111. 11111111. 1111111111111 M.
11 1111111111 1111111
111. 111111 11. 11111111111111 11111 11111 111 111111111111

11 1111111111

11111111. 11

 

