11-11 1111111011 1111111111011. 111

1111111111.

1111111111. 81111.

1. 111 111 11 11111111, 1111111111111111111111 111
11111111 1111 11111111111111111 1111 11111. 711
1111111111 1111111111 11111 1111 1111 11111111
11111 1111, 1111111111111 1111111 11111111
111 1111111 1111111111 1111 11111111. 1
1111111111111111111111 1111 11111111 11111- .
0111111111 11111 1111111 1111111, 111
11111111 1111111 11 111111 11111 111111.
symm 1111111 111111. 11. 111111 11111 11111111 111.

1111. 11. 1111.

1. 11111111111111111111111111111111 1111111111. 11

1, 111111 111111 1111 111111 1111 1111 1111.

. 111 11111111 1111111 1111111111111111111111. 7111

ι 111111 1111 Er. 11111. On. 111111111111111111111,

11 uin 1111 11111 1111111111 1111111111, 11111
1111111 11111 1111 1111111 111 111111, 11 1111111. 11

. 11 1111111111111111111 11111111 1111111.

ι 111,1111111111111111111111111111 711

. Non 1111111 1111, 111111 1111. 111111111111111

. ’111 (1111111111 1111 11111111 111111 1111111111
1111111111 11111 1111111, 11 11111111 1
111111 1111111111, 1111 11 11111111111111.

1 11111. 11. 1111 11111. 111. 11111111, 1111111. 11111111

11 11111, w 111

 

